Modelling using 2 Gaussians

Pi_0:    0.679089401684
Mu_0:    0.6478673277272079
Sigma_0: 0.03463488

Pi_1:    0.320910598316
Mu_1:    0.055523070644546695
Sigma_1: 0.00141756
