Modelling using 2 Gaussians
Pi_0:    0.563481504576
Mu_0:    0.12174051820771567
Sigma_0: 0.00395196

Pi_1:    0.436518495424
Mu_1:    0.3227982601489671
Sigma_1: 0.02181217
