Modelling using 2 Gaussians

Pi_0:    0.562872152002
Mu_0:    0.41027175876684896
Sigma_0: 0.01090932

Pi_1:    0.437127847998
Mu_1:    0.5004597235373606
Sigma_1: 0.01515972
